128	128	0.54	0.12	
128	128	0.76	0.12	
128	128	0.95	0.12	
128	129	1.15	0.12	
128	129	1.30	0.12	
128	129	1.42	0.12	
128	129	1.51	0.12	
128	129	1.55	0.12	
128	129	1.56	0.12	
128	129	1.53	0.12	
128	129	1.48	0.12	
128	129	1.43	0.12	
128	129	1.35	0.12	
128	129	1.27	0.12	
128	129	1.18	0.12	
128	129	1.09	0.12	
128	129	1.01	0.12	
128	128	0.92	0.12	
128	128	0.84	0.12	
128	128	0.80	0.12	
128	128	0.79	0.12	
128	128	0.79	0.12	
128	128	0.85	0.12	
128	128	0.93	0.12	
128	129	1.03	0.12	
128	129	1.16	0.12	
128	129	1.27	0.12	
128	129	1.40	0.12	
128	129	1.51	0.12	
128	129	1.62	0.12	
128	129	1.72	0.12	
128	129	1.84	0.12	
128	129	1.95	0.12	
128	130	2.04	0.12	
128	130	2.14	0.12	
128	130	2.24	0.12	
128	130	2.33	0.12	
128	130	2.41	0.12	
128	130	2.48	0.12	
128	130	2.51	0.12	
128	130	2.51	0.12	
128	130	2.48	0.12	
128	130	2.40	0.12	
128	130	2.28	0.12	
128	130	2.11	0.12	
128	129	1.89	0.12	
128	129	1.60	0.12	
128	129	1.26	0.12	
128	128	0.84	0.12	
128	128	0.37	0.12	
128	127	-0.16	0.12	
128	127	-0.74	0.12	
128	126	-1.35	0.12	
128	126	-2.00	0.12	
128	125	-2.66	0.12	
128	124	-3.34	0.12	
128	124	-3.99	0.12	
128	123	-4.61	0.12	
128	122	-5.20	0.12	
128	122	-5.76	0.12	
128	121	-6.30	0.12	
128	121	-6.81	0.12	
128	120	-7.28	0.12	
128	120	-7.73	0.12	
128	119	-8.14	0.12	
128	119	-8.50	0.12	
128	119	-8.85	0.12	
128	118	-9.18	0.12	
128	118	-9.48	0.12	
128	118	-9.78	0.12	
128	117	-10.06	0.12	
128	117	-10.34	0.12	
128	117	-10.62	0.12	
128	117	-10.89	0.12	
128	116	-11.16	0.12	
128	116	-11.42	0.12	
128	116	-11.68	0.12	
128	116	-11.94	0.12	
128	115	-12.20	0.12	
128	115	-12.46	0.12	
128	115	-12.72	0.12	
128	115	-12.98	0.12	
128	114	-13.23	0.12	
128	114	-13.49	0.12	
128	114	-13.75	0.12	
128	113	-14.00	0.12	
128	113	-14.26	0.12	
128	113	-14.51	0.12	
128	113	-14.76	0.12	
128	112	-15.00	0.12	
128	112	-15.25	0.12	
128	112	-15.49	0.12	
128	112	-15.73	0.12	
128	112	-15.98	0.12	
128	111	-16.22	0.12	
128	111	-16.46	0.12	
128	111	-16.71	0.12	
128	111	-16.96	0.12	
128	110	-17.21	0.12	
128	110	-17.46	0.12	
128	110	-17.70	0.12	
128	110	-17.94	0.12	
128	109	-18.19	0.12	
128	109	-18.44	0.12	
128	109	-18.68	0.12	
128	109	-18.94	0.12	
128	108	-19.19	0.12	
128	108	-19.44	0.12	
128	108	-19.69	0.12	
128	108	-19.94	0.12	
128	107	-20.19	0.12	
128	107	-20.45	0.12	
128	107	-20.71	0.12	
128	107	-20.97	0.12	
128	106	-21.22	0.12	
128	106	-21.47	0.12	
128	106	-21.72	0.12	
128	106	-21.98	0.12	
128	105	-22.24	0.12	
128	105	-22.47	0.12	
128	105	-22.70	0.12	
128	105	-22.93	0.12	
128	104	-23.17	0.12	
128	104	-23.41	0.12	
128	104	-23.65	0.12	
128	104	-23.90	0.12	
128	103	-24.15	0.12	
128	103	-24.39	0.12	
128	103	-24.65	0.12	
128	103	-24.90	0.12	
128	102	-25.16	0.12	
128	102	-25.42	0.12	
128	102	-25.66	0.12	
128	102	-25.90	0.12	
128	101	-26.15	0.12	
128	101	-26.39	0.12	
128	101	-26.62	0.12	
128	101	-26.86	0.12	
128	100	-27.10	0.12	
128	100	-27.34	0.12	
128	100	-27.59	0.12	
128	100	-27.82	0.12	
128	99	-28.06	0.12	
128	99	-28.30	0.12	
128	99	-28.55	0.12	
128	99	-28.80	0.12	
128	98	-29.05	0.12	
128	98	-29.31	0.12	
128	98	-29.56	0.12	
128	98	-29.82	0.12	
128	97	-30.07	0.12	
128	97	-30.31	0.12	
128	97	-30.57	0.12	
128	97	-30.82	0.12	
128	96	-31.07	0.12	
128	96	-31.32	0.12	
128	96	-31.57	0.12	
128	96	-31.82	0.12	
128	95	-32.08	0.12	
128	95	-32.34	0.12	
128	95	-32.59	0.12	
128	95	-32.85	0.12	
128	94	-33.10	0.12	
128	94	-33.36	0.12	
128	94	-33.62	0.12	
128	94	-33.88	0.12	
128	93	-34.14	0.12	
128	93	-34.40	0.12	
128	93	-34.66	0.12	
128	93	-34.92	0.12	
128	92	-35.18	0.12	
128	92	-35.44	0.12	
128	92	-35.70	0.12	
128	92	-35.97	0.12	
128	91	-36.24	0.12	
128	91	-36.51	0.12	
128	91	-36.77	0.12	
128	90	-37.04	0.12	
128	90	-37.30	0.12	
128	90	-37.57	0.12	
128	90	-37.83	0.12	
128	89	-38.10	0.12	
128	89	-38.37	0.12	
128	89	-38.64	0.12	
128	89	-38.93	0.12	
128	88	-39.21	0.12	
128	88	-39.49	0.12	
128	88	-39.77	0.12	
128	87	-40.04	0.12	
128	87	-40.32	0.12	
128	87	-40.61	0.12	
128	87	-40.90	0.12	
128	86	-41.19	0.12	
128	86	-41.47	0.12	
128	86	-41.76	0.12	
128	85	-42.05	0.12	
128	85	-42.34	0.12	
128	85	-42.64	0.12	
128	85	-42.94	0.12	
128	84	-43.23	0.12	
128	84	-43.53	0.12	
128	84	-43.83	0.12	
128	83	-44.12	0.12	
128	83	-44.41	0.12	
128	83	-44.70	0.12	
128	82	-45.00	0.12	
128	82	-45.29	0.12	
128	82	-45.58	0.12	
128	82	-45.88	0.12	
128	81	-46.17	0.12	
128	81	-46.46	0.12	
128	81	-46.75	0.12	
128	80	-47.04	0.12	
128	80	-47.34	0.12	
128	80	-47.64	0.12	
128	80	-47.95	0.12	
128	79	-48.25	0.12	
128	79	-48.56	0.12	
128	79	-48.87	0.12	
128	78	-49.19	0.12	
128	78	-49.51	0.12	
128	78	-49.83	0.12	
128	77	-50.16	0.12	
128	77	-50.48	0.12	
128	77	-50.81	0.12	
128	76	-51.13	0.12	
128	76	-51.47	0.12	
128	76	-51.80	0.12	
128	75	-52.13	0.12	
128	75	-52.47	0.12	
128	75	-52.81	0.12	
128	74	-53.16	0.12	
128	74	-53.50	0.12	
128	74	-53.86	0.12	
128	73	-54.21	0.12	
128	73	-54.57	0.12	
128	73	-54.93	0.12	
128	72	-55.30	0.12	
128	72	-55.69	0.12	
128	71	-56.06	0.12	
128	71	-56.45	0.12	
128	71	-56.84	0.12	
128	70	-57.24	0.12	
128	70	-57.64	0.12	
128	69	-58.04	0.12	
128	69	-58.45	0.12	
128	69	-58.85	0.12	
128	68	-59.25	0.12	
128	68	-59.66	0.12	
128	67	-60.07	0.12	
128	67	-60.49	0.12	
128	67	-60.90	0.12	
128	66	-61.31	0.12	
128	66	-61.73	0.12	
128	65	-62.14	0.12	
128	65	-62.57	0.12	
128	65	-62.99	0.12	
128	64	-63.42	0.12	
128	64	-63.85	0.12	
128	63	-64.28	0.12	
128	63	-64.72	0.12	
128	62	-65.14	0.12	
128	62	-65.58	0.12	
128	61	-66.02	0.12	
128	61	-66.46	0.12	
128	61	-66.90	0.12	
128	60	-67.36	0.12	
128	60	-67.82	0.12	
128	59	-68.28	0.12	
128	59	-68.74	0.12	
128	58	-69.19	0.12	
128	58	-69.66	0.12	
128	57	-70.12	0.12	
128	57	-70.58	0.12	
128	56	-71.05	0.12	
128	56	-71.52	0.12	
128	56	-71.99	0.12	
128	55	-72.47	0.12	
128	55	-72.94	0.12	
128	54	-73.42	0.12	
128	54	-73.90	0.12	
128	53	-74.39	0.12	
128	53	-74.87	0.12	
128	52	-75.36	0.12	
128	52	-75.86	0.12	
128	51	-76.35	0.12	
128	51	-76.84	0.12	
128	50	-77.35	0.12	
128	50	-77.85	0.12	
128	49	-78.35	0.12	
128	49	-78.85	0.12	
128	48	-79.37	0.12	
128	48	-79.88	0.12	
128	47	-80.40	0.12	
128	47	-80.93	0.12	
128	46	-81.46	0.12	
128	46	-82.00	0.12	
128	45	-82.54	0.12	
128	44	-83.07	0.12	
128	44	-83.60	0.12	
128	43	-84.14	0.12	
128	43	-84.68	0.12	
128	42	-85.22	0.12	
128	42	-85.77	0.12	
128	41	-86.33	0.12	
128	41	-86.89	0.12	
128	40	-87.46	0.12	
128	39	-88.03	0.12	
128	39	-88.61	0.12	
128	38	-89.20	0.12	
128	38	-89.78	0.12	
128	37	-90.38	0.12	
128	37	-90.98	0.12	
128	36	-91.58	0.12	
128	35	-92.19	0.12	
128	35	-92.80	0.12	
128	34	-93.42	0.12	
128	33	-94.05	0.12	
128	33	-94.67	0.12	
128	32	-95.31	0.12	
128	32	-95.95	0.12	
128	31	-96.59	0.12	
128	30	-97.25	0.12	
128	30	-97.91	0.12	
128	29	-98.58	0.12	
128	28	-99.26	0.12	
128	28	-99.95	0.12	
128	27	-100.65	0.12	
128	26	-101.35	0.12	
128	25	-102.06	0.12	
128	25	-102.78	0.12	
128	24	-103.49	0.12	
128	23	-104.22	0.12	
128	23	-104.96	0.12	
128	22	-105.72	0.12	
128	21	-106.47	0.12	
128	20	-107.23	0.12	
128	20	-108.00	0.12	
128	19	-108.77	0.12	
128	18	-109.55	0.12	
128	17	-110.34	0.12	
128	16	-111.14	0.12	
128	16	-111.94	0.12	
128	15	-112.75	0.12	
128	14	-113.57	0.12	
128	13	-114.40	0.12	
128	12	-115.23	0.12	
128	11	-116.08	0.12	
128	11	-116.94	0.12	
128	10	-117.80	0.12	
128	9	-118.69	0.12	
128	8	-119.57	0.12	
128	7	-120.47	0.12	
128	6	-121.38	0.12	
128	5	-122.29	0.12	
128	4	-123.21	0.12	
128	3	-124.12	0.12	
128	2	-125.05	0.12	
128	2	-125.99	0.12	
128	1	-126.92	0.12	
128	0	-127.85	0.12	
128	0	-128.77	0.12	
128	-1	-129.69	0.12	
128	-2	-130.60	0.12	
128	-3	-131.52	0.12	
128	-4	-132.43	0.12	
128	-5	-133.30	0.12	
128	-6	-134.14	0.12	
128	-6	-134.94	0.12	
128	-7	-135.72	0.12	
128	-8	-136.48	0.12	
128	-9	-137.17	0.12	
128	-9	-137.81	0.12	
128	-10	-138.40	0.12	
128	-10	-138.99	0.12	
128	-11	-139.53	0.12	
128	-11	-140.00	0.12	
128	-12	-140.44	0.12	
128	-12	-140.84	0.12	
128	-13	-141.18	0.12	
128	-13	-141.46	0.12	
128	-13	-141.70	0.12	
128	-13	-141.87	0.12	
128	-13	-141.97	0.12	
128	-14	-142.03	0.12	
128	-14	-142.04	0.12	
128	-14	-142.00	0.12	
128	-13	-141.94	0.12	
128	-13	-141.83	0.12	
128	-13	-141.68	0.12	
128	-13	-141.52	0.12	
128	-13	-141.35	0.12	
128	-13	-141.15	0.12	
128	-12	-140.92	0.12	
128	-12	-140.67	0.12	
128	-12	-140.40	0.12	
128	-12	-140.13	0.12	
128	-11	-139.84	0.12	
128	-11	-139.53	0.12	
128	-11	-139.21	0.12	
128	-10	-138.88	0.12	
128	-10	-138.52	0.12	
128	-10	-138.17	0.12	
128	-9	-137.79	0.12	
128	-9	-137.42	0.12	
128	-9	-137.02	0.12	
128	-8	-136.62	0.12	
128	-8	-136.22	0.12	
128	-7	-135.80	0.12	
128	-7	-135.37	0.12	
128	-6	-134.93	0.12	
128	-6	-134.47	0.12	
128	-6	-134.01	0.12	
128	-5	-133.52	0.12	
128	-5	-133.05	0.12	
128	-4	-132.56	0.12	
128	-4	-132.07	0.12	
128	-3	-131.56	0.12	
128	-3	-131.05	0.12	
128	-2	-130.55	0.12	
128	-2	-130.04	0.12	
128	-1	-129.52	0.12	
128	0	-128.99	0.12	
128	0	-128.47	0.12	
128	0	-127.93	0.12	
128	0	-127.40	0.12	
128	1	-126.88	0.12	
128	1	-126.34	0.12	
128	2	-125.83	0.12	
128	2	-125.33	0.12	
128	3	-124.82	0.12	
128	3	-124.33	0.12	
128	4	-123.84	0.12	
128	4	-123.35	0.12	
128	5	-122.89	0.12	
128	5	-122.58	0.12	
128	5	-122.42	0.12	
128	5	-122.38	0.12	
128	5	-122.48	0.12	
128	5	-122.69	0.12	
128	4	-123.02	0.12	
128	4	-123.50	0.12	
128	3	-124.09	0.12	
128	3	-124.79	0.12	
128	2	-125.59	0.12	
128	1	-126.46	0.12	
128	0	-127.38	0.12	
128	0	-128.32	0.12	
128	-1	-129.27	0.12	
128	-2	-130.23	0.12	
128	-3	-131.18	0.12	
128	-4	-132.13	0.12	
128	-5	-133.05	0.12	
128	-5	-133.94	0.12	
128	-6	-134.80	0.12	
128	-7	-135.58	0.12	
128	-8	-136.36	0.12	
128	-9	-137.11	0.12	
128	-9	-137.84	0.12	
128	-10	-138.52	0.12	
128	-11	-139.14	0.12	
128	-11	-139.72	0.12	
128	-12	-140.25	0.12	
128	-12	-140.75	0.12	
128	-13	-141.19	0.12	
128	-13	-141.57	0.12	
128	-13	-141.90	0.12	
128	-14	-142.18	0.12	
128	-14	-142.42	0.12	
128	-14	-142.56	0.12	
128	-14	-142.64	0.12	
128	-14	-142.66	0.12	
128	-14	-142.62	0.12	
128	-14	-142.53	0.12	
128	-14	-142.41	0.12	
128	-14	-142.26	0.12	
128	-14	-142.07	0.12	
128	-13	-141.86	0.12	
128	-13	-141.63	0.12	
128	-13	-141.38	0.12	
128	-13	-141.10	0.12	
128	-12	-140.81	0.12	
128	-12	-140.48	0.12	
128	-12	-140.16	0.12	
128	-11	-139.81	0.12	
128	-11	-139.45	0.12	
128	-11	-139.07	0.12	
128	-10	-138.68	0.12	
128	-10	-138.30	0.12	
128	-9	-137.90	0.12	
128	-9	-137.49	0.12	
128	-9	-137.08	0.12	
128	-8	-136.66	0.12	
128	-8	-136.24	0.12	
128	-7	-135.81	0.12	
128	-7	-135.39	0.12	
128	-6	-134.98	0.12	
128	-6	-134.57	0.12	
128	-6	-134.12	0.12	
128	-5	-133.64	0.12	
128	-5	-133.16	0.12	
128	-4	-132.65	0.12	
128	-4	-132.10	0.12	
128	-3	-131.55	0.12	
128	-2	-130.99	0.12	
128	-2	-130.43	0.12	
128	-1	-129.84	0.12	
128	-1	-129.25	0.12	
128	0	-128.64	0.12	
128	0	-128.04	0.12	
128	0	-127.41	0.12	
128	1	-126.80	0.12	
128	1	-126.21	0.12	
128	2	-125.62	0.12	
128	2	-125.05	0.12	
128	3	-124.45	0.12	
128	4	-123.88	0.12	
128	4	-123.29	0.12	
128	5	-122.73	0.12	
128	5	-122.16	0.12	
128	6	-121.68	0.12	
128	6	-121.30	0.12	
128	6	-121.04	0.12	
128	7	-120.92	0.12	
128	7	-120.92	0.12	
128	6	-121.06	0.12	
128	6	-121.33	0.12	
128	6	-121.72	0.12	
128	5	-122.23	0.12	
128	5	-122.86	0.12	
128	4	-123.60	0.12	
128	3	-124.41	0.12	
128	2	-125.29	0.12	
128	1	-126.19	0.12	
128	0	-127.11	0.12	
128	0	-128.04	0.12	
128	0	-128.96	0.12	
128	-1	-129.88	0.12	
128	-2	-130.80	0.12	
128	-3	-131.72	0.12	
128	-4	-132.63	0.12	
128	-5	-133.54	0.12	
128	-6	-134.41	0.12	
128	-7	-135.25	0.12	
128	-8	-136.03	0.12	
128	-8	-136.79	0.12	
128	-9	-137.51	0.12	
128	-10	-138.21	0.12	
128	-10	-138.86	0.12	
128	-11	-139.47	0.12	
128	-12	-140.02	0.12	
128	-12	-140.52	0.12	
128	-12	-140.99	0.12	
128	-13	-141.40	0.12	
128	-13	-141.77	0.12	
128	-14	-142.10	0.12	
128	-14	-142.37	0.12	
128	-14	-142.59	0.12	
128	-14	-142.76	0.12	
128	-14	-142.88	0.12	
128	-14	-142.90	0.12	
128	-14	-142.87	0.12	
128	-14	-142.81	0.12	
128	-14	-142.69	0.12	
128	-14	-142.55	0.12	
128	-14	-142.38	0.12	
128	-14	-142.16	0.12	
128	-13	-141.92	0.12	
128	-13	-141.65	0.12	
128	-13	-141.40	0.12	
128	-13	-141.11	0.12	
128	-12	-140.80	0.12	
128	-12	-140.49	0.12	
128	-12	-140.16	0.12	
128	-11	-139.81	0.12	
128	-11	-139.46	0.12	
128	-11	-139.09	0.12	
128	-10	-138.72	0.12	
128	-10	-138.33	0.12	
128	-9	-137.94	0.12	
128	-9	-137.52	0.12	
128	-9	-137.09	0.12	
128	-8	-136.66	0.12	
128	-8	-136.21	0.12	
128	-7	-135.77	0.12	
128	-7	-135.31	0.12	
128	-6	-134.84	0.12	
128	-6	-134.37	0.12	
128	-5	-133.89	0.12	
128	-5	-133.42	0.12	
128	-4	-132.94	0.12	
128	-4	-132.44	0.12	
128	-3	-131.93	0.12	
128	-3	-131.39	0.12	
128	-2	-130.86	0.12	
128	-2	-130.33	0.12	
128	-1	-129.78	0.12	
128	-1	-129.25	0.12	
128	0	-128.67	0.12	
128	0	-128.07	0.12	
128	0	-127.49	0.12	
128	1	-126.89	0.12	
128	1	-126.29	0.12	
128	2	-125.69	0.12	
128	2	-125.11	0.12	
128	3	-124.53	0.12	
128	4	-123.96	0.12	
128	4	-123.39	0.12	
128	5	-122.82	0.12	
128	5	-122.27	0.12	
128	6	-121.77	0.12	
128	6	-121.38	0.12	
128	6	-121.08	0.12	
128	7	-120.93	0.12	
128	7	-120.89	0.12	
128	7	-120.97	0.12	
128	6	-121.19	0.12	
128	6	-121.50	0.12	
128	6	-121.96	0.12	
128	5	-122.51	0.12	
128	4	-123.19	0.12	
128	4	-123.96	0.12	
128	3	-124.82	0.12	
128	2	-125.72	0.12	
128	1	-126.68	0.12	
128	0	-127.65	0.12	
128	0	-128.64	0.12	
128	-1	-129.62	0.12	
128	-2	-130.62	0.12	
128	-3	-131.62	0.12	
128	-4	-132.60	0.12	
128	-5	-133.57	0.12	
128	-6	-134.50	0.12	
128	-7	-135.36	0.12	
128	-8	-136.19	0.12	
128	-8	-136.99	0.12	
128	-9	-137.76	0.12	
128	-10	-138.49	0.12	
128	-11	-139.19	0.12	
128	-11	-139.84	0.12	
128	-12	-140.45	0.12	
128	-13	-141.00	0.12	
128	-13	-141.51	0.12	
128	-13	-141.98	0.12	
128	-14	-142.42	0.12	
128	-14	-142.78	0.12	
128	-15	-143.09	0.12	
128	-15	-143.36	0.12	
128	-15	-143.58	0.12	
128	-15	-143.74	0.12	
128	-15	-143.85	0.12	
128	-15	-143.90	0.12	
128	-15	-143.90	0.12	
128	-15	-143.86	0.12	
128	-15	-143.78	0.12	
128	-15	-143.66	0.12	
128	-15	-143.51	0.12	
128	-15	-143.32	0.12	
128	-15	-143.11	0.12	
128	-14	-142.88	0.12	
128	-14	-142.60	0.12	
128	-14	-142.32	0.12	
128	-14	-142.00	0.12	
128	-13	-141.69	0.12	
128	-13	-141.37	0.12	
128	-13	-141.03	0.12	
128	-12	-140.68	0.12	
128	-12	-140.31	0.12	
128	-11	-139.94	0.12	
128	-11	-139.58	0.12	
128	-11	-139.19	0.12	
128	-10	-138.79	0.12	
128	-10	-138.39	0.12	
128	-10	-138.00	0.12	
128	-9	-137.57	0.12	
128	-9	-137.15	0.12	
128	-8	-136.73	0.12	
128	-8	-136.31	0.12	
128	-7	-135.88	0.12	
128	-7	-135.44	0.12	
128	-7	-135.00	0.12	
128	-6	-134.55	0.12	
128	-6	-134.11	0.12	
128	-5	-133.65	0.12	
128	-5	-133.16	0.12	
128	-4	-132.69	0.12	
128	-4	-132.21	0.12	
128	-3	-131.72	0.12	
128	-3	-131.23	0.12	
128	-2	-130.72	0.12	
128	-2	-130.22	0.12	
128	-1	-129.70	0.12	
128	-1	-129.17	0.12	
128	0	-128.67	0.12	
128	0	-128.12	0.12	
128	0	-127.59	0.12	
128	0	-127.08	0.12	
128	1	-126.54	0.12	
128	2	-125.99	0.12	
128	2	-125.44	0.12	
128	3	-124.89	0.12	
128	3	-124.34	0.12	
128	4	-123.78	0.12	
128	4	-123.25	0.12	
128	5	-122.72	0.12	
128	5	-122.26	0.12	
128	6	-121.93	0.12	
128	6	-121.70	0.12	
128	6	-121.60	0.12	
128	6	-121.61	0.12	
128	6	-121.74	0.12	
128	5	-122.00	0.12	
128	5	-122.36	0.12	
128	5	-122.87	0.12	
128	4	-123.49	0.12	
128	3	-124.24	0.12	
128	2	-125.08	0.12	
128	1	-126.00	0.12	
128	1	-126.96	0.12	
128	0	-127.93	0.12	
128	0	-128.90	0.12	
128	-1	-129.88	0.12	
128	-2	-130.86	0.12	
128	-3	-131.85	0.12	
128	-4	-132.83	0.12	
128	-5	-133.82	0.12	
128	-6	-134.76	0.12	
128	-7	-135.64	0.12	
128	-8	-136.48	0.12	
128	-9	-137.30	0.12	
128	-10	-138.10	0.12	
128	-10	-138.87	0.12	
128	-11	-139.59	0.12	
128	-12	-140.27	0.12	
128	-12	-140.90	0.12	
128	-13	-141.50	0.12	
128	-14	-142.05	0.12	
128	-14	-142.55	0.12	
128	-15	-143.02	0.12	
128	-15	-143.45	0.12	
128	-15	-143.82	0.12	
128	-16	-144.15	0.12	
128	-16	-144.41	0.12	
128	-16	-144.61	0.12	
128	-16	-144.76	0.12	
128	-16	-144.84	0.12	
128	-16	-144.87	0.12	
128	-16	-144.85	0.12	
128	-16	-144.79	0.12	
128	-16	-144.70	0.12	
128	-16	-144.58	0.12	
128	-16	-144.43	0.12	
128	-16	-144.27	0.12	
128	-16	-144.07	0.12	
128	-15	-143.86	0.12	
128	-15	-143.64	0.12	
128	-15	-143.39	0.12	
128	-15	-143.14	0.12	
128	-14	-142.87	0.12	
128	-14	-142.59	0.12	
128	-14	-142.32	0.12	
128	-14	-142.02	0.12	
128	-13	-141.71	0.12	
128	-13	-141.39	0.12	
128	-13	-141.04	0.12	
128	-12	-140.70	0.12	
128	-12	-140.34	0.12	
128	-12	-140.00	0.12	
128	-11	-139.66	0.12	
128	-11	-139.33	0.12	
128	-10	-138.95	0.12	
128	-10	-138.59	0.12	
128	-10	-138.20	0.12	
128	-9	-137.81	0.12	
128	-9	-137.40	0.12	
128	-9	-137.01	0.12	
128	-8	-136.60	0.12	
128	-8	-136.20	0.12	
128	-7	-135.79	0.12	
128	-7	-135.38	0.12	
128	-6	-134.97	0.12	
128	-6	-134.56	0.12	
128	-6	-134.15	0.12	
128	-5	-133.74	0.12	
128	-5	-133.34	0.12	
128	-4	-132.95	0.12	
128	-4	-132.55	0.12	
128	-4	-132.15	0.12	
128	-3	-131.77	0.12	
128	-3	-131.38	0.12	
128	-2	-131.00	0.12	
128	-2	-130.65	0.12	
128	-2	-130.25	0.12	
128	-1	-129.78	0.12	
128	-1	-129.23	0.12	
128	0	-128.72	0.12	
128	0	-128.24	0.12	
128	0	-127.78	0.12	
128	0	-127.33	0.12	
128	1	-126.89	0.12	
128	1	-126.46	0.12	
128	1	-126.07	0.12	
128	2	-125.72	0.12	
128	2	-125.43	0.12	
128	2	-125.20	0.12	
128	2	-125.06	0.12	
128	2	-125.01	0.12	
128	2	-125.04	0.12	
128	2	-125.14	0.12	
128	2	-125.26	0.12	
128	2	-125.40	0.12	
128	2	-125.54	0.12	
128	2	-125.67	0.12	
128	2	-125.78	0.12	
128	2	-125.88	0.12	
128	2	-125.97	0.12	
128	1	-126.05	0.12	
128	1	-126.12	0.12	
128	1	-126.19	0.12	
128	1	-126.25	0.12	
128	1	-126.32	0.12	
128	1	-126.38	0.12	
128	1	-126.45	0.12	
128	1	-126.52	0.12	
128	1	-126.59	0.12	
128	1	-126.66	0.12	
128	1	-126.73	0.12	
128	1	-126.80	0.12	
128	1	-126.87	0.12	
128	1	-126.95	0.12	
128	0	-127.02	0.12	
128	0	-127.09	0.12	
128	0	-127.16	0.12	
128	0	-127.23	0.12	
128	0	-127.30	0.12	
128	0	-127.37	0.12	
128	0	-127.44	0.12	
128	0	-127.51	0.12	
128	0	-127.58	0.12	
128	0	-127.65	0.12	
128	0	-127.72	0.12	
128	0	-127.79	0.12	
128	0	-127.87	0.12	
128	0	-127.94	0.12	
128	0	-128.01	0.12	
128	0	-128.08	0.12	
128	0	-128.15	0.12	
128	0	-128.22	0.12	
128	0	-128.29	0.12	
128	0	-128.36	0.12	
128	0	-128.43	0.12	
128	0	-128.50	0.12	
128	0	-128.58	0.12	
128	0	-128.65	0.12	
128	0	-128.72	0.12	
128	0	-128.79	0.12	
128	0	-128.86	0.12	
128	0	-128.93	0.12	
128	-1	-129.00	0.12	
128	-1	-129.07	0.12	
128	-1	-129.14	0.12	
128	-1	-129.21	0.12	
128	-1	-129.29	0.12	
128	-1	-129.36	0.12	
128	-1	-129.43	0.12	
128	-1	-129.50	0.12	
128	-1	-129.57	0.12	
128	-1	-129.64	0.12	
128	-1	-129.71	0.12	
128	-1	-129.78	0.12	
128	-1	-129.85	0.12	
128	-1	-129.93	0.12	
128	-1	-130.00	0.12	
128	-2	-130.07	0.12	
128	-2	-130.14	0.12	
128	-2	-130.21	0.12	
128	-2	-130.28	0.12	
128	-2	-130.35	0.12	
128	-2	-130.42	0.12	
128	-2	-130.49	0.12	
128	-2	-130.56	0.12	
128	-2	-130.63	0.12	
128	-2	-130.71	0.12	
128	-2	-130.78	0.12	
128	-2	-130.85	0.12	
128	-2	-130.92	0.12	
128	-2	-130.99	0.12	
128	-3	-131.06	0.12	
128	-3	-131.13	0.12	
128	-3	-131.20	0.12	
128	-3	-131.27	0.12	
128	-3	-131.34	0.12	
128	-3	-131.41	0.12	
128	-3	-131.49	0.12	
128	-3	-131.56	0.12	
128	-3	-131.63	0.12	
128	-3	-131.70	0.12	
128	-3	-131.77	0.12	
128	-3	-131.84	0.12	
128	-3	-131.91	0.12	
128	-3	-131.98	0.12	
128	-4	-132.05	0.12	
128	-4	-132.12	0.12	
128	-4	-132.19	0.12	
128	-4	-132.26	0.12	
128	-4	-132.33	0.12	
128	-4	-132.40	0.12	
128	-4	-132.48	0.12	
128	-4	-132.55	0.12	
128	-4	-132.62	0.12	
128	-4	-132.69	0.12	
128	-4	-132.76	0.12	
128	-4	-132.83	0.12	
128	-4	-132.90	0.12	
128	-4	-132.97	0.12	
128	-5	-133.04	0.12	
128	-5	-133.11	0.12	
128	-5	-133.19	0.12	
128	-5	-133.26	0.12	
128	-5	-133.33	0.12	
128	-5	-133.40	0.12	
128	-5	-133.47	0.12	
128	-5	-133.54	0.12	
128	-5	-133.61	0.12	
128	-5	-133.68	0.12	
128	-5	-133.75	0.12	
128	-5	-133.82	0.12	
128	-5	-133.90	0.12	
128	-5	-133.97	0.12	
128	-6	-134.04	0.12	
128	-6	-134.11	0.12	
128	-6	-134.18	0.12	
128	-6	-134.25	0.12	
128	-6	-134.32	0.12	
128	-6	-134.39	0.12	
128	-6	-134.46	0.12	
128	-6	-134.53	0.12	
128	-6	-134.60	0.12	
128	-6	-134.67	0.12	
128	-6	-134.74	0.12	
128	-6	-134.82	0.12	
128	-6	-134.89	0.12	
128	-6	-134.96	0.12	
128	-7	-135.03	0.12	
128	-7	-135.10	0.12	
128	-7	-135.17	0.12	
128	-7	-135.24	0.12	
128	-7	-135.31	0.12	
128	-7	-135.38	0.12	
128	-7	-135.45	0.12	
128	-7	-135.53	0.12	
128	-7	-135.60	0.12	
128	-7	-135.67	0.12	
128	-7	-135.74	0.12	
128	-7	-135.81	0.12	
128	-7	-135.88	0.12	
128	-7	-135.95	0.12	
128	-8	-136.02	0.12	
128	-8	-136.10	0.12	
128	-8	-136.17	0.12	
128	-8	-136.24	0.12	
128	-8	-136.31	0.12	
128	-8	-136.38	0.12	
128	-8	-136.45	0.12	
128	-8	-136.52	0.12	
128	-8	-136.59	0.12	
128	-8	-136.66	0.12	
128	-8	-136.73	0.12	
128	-8	-136.80	0.12	
128	-8	-136.87	0.12	
128	-8	-136.95	0.12	
128	-9	-137.02	0.12	
128	-9	-137.09	0.12	
128	-9	-137.16	0.12	
128	-9	-137.23	0.12	
128	-9	-137.30	0.12	
128	-9	-137.37	0.12	
128	-9	-137.44	0.12	
128	-9	-137.51	0.12	
128	-9	-137.58	0.12	
128	-9	-137.65	0.12	
128	-9	-137.73	0.12	
128	-9	-137.80	0.12	
128	-9	-137.87	0.12	
128	-9	-137.94	0.12	
128	-10	-138.01	0.12	
128	-10	-138.08	0.12	
128	-10	-138.15	0.12	
128	-10	-138.22	0.12	
128	-10	-138.29	0.12	
128	-10	-138.36	0.12	
128	-10	-138.44	0.12	
128	-10	-138.51	0.12	
128	-10	-138.58	0.12	
128	-10	-138.65	0.12	
128	-10	-138.72	0.12	
128	-10	-138.79	0.12	
128	-10	-138.86	0.12	
128	-10	-138.93	0.12	
128	-11	-139.00	0.12	
128	-11	-139.07	0.12	
128	-11	-139.14	0.12	
128	-11	-139.22	0.12	
128	-11	-139.29	0.12	
128	-11	-139.36	0.12	
128	-11	-139.43	0.12	
128	-11	-139.50	0.12	
128	-11	-139.57	0.12	
128	-11	-139.64	0.12	
128	-11	-139.71	0.12	
128	-11	-139.78	0.12	
128	-11	-139.85	0.12	
128	-11	-139.93	0.12	
128	-11	-140.00	0.12	
128	-12	-140.07	0.12	
128	-12	-140.14	0.12	
128	-12	-140.21	0.12	
128	-12	-140.28	0.12	
128	-12	-140.35	0.12	
128	-12	-140.42	0.12	
128	-12	-140.49	0.12	
128	-12	-140.56	0.12	
128	-12	-140.64	0.12	
128	-12	-140.71	0.12	
128	-12	-140.78	0.12	
128	-12	-140.85	0.12	
128	-12	-140.92	0.12	
128	-12	-140.99	0.12	
128	-13	-141.06	0.12	
128	-13	-141.13	0.12	
128	-13	-141.20	0.12	
128	-13	-141.27	0.12	
128	-13	-141.34	0.12	
128	-13	-141.42	0.12	
128	-13	-141.49	0.12	
128	-13	-141.56	0.12	
128	-13	-141.63	0.12	
128	-13	-141.70	0.12	
128	-13	-141.77	0.12	
128	-13	-141.84	0.12	
128	-13	-141.91	0.12	
128	-13	-141.98	0.12	
128	-14	-142.05	0.12	
128	-14	-142.12	0.12	
128	-14	-142.20	0.12	
128	-14	-142.27	0.12	
128	-14	-142.34	0.12	
128	-14	-142.41	0.12	
128	-14	-142.48	0.12	
128	-14	-142.55	0.12	
128	-14	-142.62	0.12	
128	-14	-142.69	0.12	
128	-14	-142.76	0.12	
128	-14	-142.83	0.12	
128	-14	-142.91	0.12	
128	-14	-142.98	0.12	
128	-15	-143.05	0.12	
128	-15	-143.12	0.12	
128	-15	-143.19	0.12	
128	-15	-143.26	0.12	
128	-15	-143.33	0.12	
128	-15	-143.40	0.12	
128	-15	-143.47	0.12	
128	-15	-143.55	0.12	
128	-15	-143.62	0.12	
128	-15	-143.69	0.12	
128	-15	-143.76	0.12	
128	-15	-143.83	0.12	
128	-15	-143.90	0.12	
128	-15	-143.97	0.12	
128	-16	-144.04	0.12	
128	-16	-144.11	0.12	
128	-16	-144.18	0.12	
128	-16	-144.26	0.12	
128	-16	-144.33	0.12	
128	-16	-144.40	0.12	
128	-16	-144.47	0.12	
128	-16	-144.54	0.12	
128	-16	-144.61	0.12	
128	-16	-144.68	0.12	
128	-16	-144.75	0.12	
128	-16	-144.82	0.12	
128	-16	-144.89	0.12	
128	-16	-144.97	0.12	
128	-17	-145.04	0.12	
128	-17	-145.11	0.12	
128	-17	-145.18	0.12	
128	-17	-145.25	0.12	
128	-17	-145.32	0.12	
128	-17	-145.39	0.12	
128	-17	-145.46	0.12	
128	-17	-145.53	0.12	
128	-17	-145.60	0.12	
128	-17	-145.67	0.12	
128	-17	-145.75	0.12	
128	-17	-145.82	0.12	
128	-17	-145.89	0.12	
128	-17	-145.96	0.12	
128	-18	-146.03	0.12	
128	-18	-146.10	0.12	
128	-18	-146.17	0.12	
128	-18	-146.24	0.12	
128	-18	-146.31	0.12	
128	-18	-146.39	0.12	
128	-18	-146.46	0.12	
128	-18	-146.53	0.12	
128	-18	-146.60	0.12	
128	-18	-146.67	0.12	
128	-18	-146.74	0.12	
128	-18	-146.81	0.12	
128	-18	-146.88	0.12	
128	-18	-146.96	0.12	
128	-19	-147.03	0.12	
128	-19	-147.10	0.12	
128	-19	-147.17	0.12	
128	-19	-147.24	0.12	
128	-19	-147.31	0.12	
128	-19	-147.38	0.12	
128	-19	-147.45	0.12	
128	-19	-147.52	0.12	
128	-19	-147.60	0.12	
128	-19	-147.67	0.12	
128	-19	-147.74	0.12	
128	-19	-147.81	0.12	
128	-19	-147.88	0.12	
128	-19	-147.95	0.12	
128	-20	-148.02	0.12	
128	-20	-148.09	0.12	
128	-20	-148.16	0.12	
128	-20	-148.23	0.12	
128	-20	-148.31	0.12	
128	-20	-148.38	0.12	
128	-20	-148.45	0.12	
128	-20	-148.52	0.12	
128	-20	-148.59	0.12	
128	-20	-148.66	0.12	
128	-20	-148.73	0.12	
128	-20	-148.80	0.12	
128	-20	-148.87	0.12	
128	-20	-148.95	0.12	
128	-21	-149.02	0.12	
128	-21	-149.09	0.12	
128	-21	-149.16	0.12	
128	-21	-149.23	0.12	
128	-21	-149.30	0.12	
128	-21	-149.37	0.12	
128	-21	-149.44	0.12	
128	-21	-149.51	0.12	
128	-21	-149.59	0.12	
128	-21	-149.66	0.12	
128	-21	-149.73	0.12	
128	-21	-149.80	0.12	
128	-21	-149.87	0.12	
128	-21	-149.94	0.12	
128	-22	-150.01	0.12	
128	-22	-150.08	0.12	
128	-22	-150.15	0.12	
128	-22	-150.22	0.12	
128	-22	-150.29	0.12	
128	-22	-150.37	0.12	
128	-22	-150.44	0.12	
128	-22	-150.51	0.12	
128	-22	-150.58	0.12	
128	-22	-150.65	0.12	
128	-22	-150.72	0.12	
128	-22	-150.79	0.12	
128	-22	-150.86	0.12	
128	-22	-150.93	0.12	
128	-23	-151.00	0.12	
128	-23	-151.07	0.12	
128	-23	-151.15	0.12	
128	-23	-151.22	0.12	
128	-23	-151.29	0.12	
128	-23	-151.36	0.12	
128	-23	-151.43	0.12	
128	-23	-151.50	0.12	
128	-23	-151.57	0.12	
128	-23	-151.64	0.12	
128	-23	-151.71	0.12	
128	-23	-151.78	0.12	
128	-23	-151.86	0.12	
128	-23	-151.93	0.12	
128	-23	-152.00	0.12	
128	-24	-152.07	0.12	
128	-24	-152.14	0.12	
128	-24	-152.21	0.12	
128	-24	-152.28	0.12	
128	-24	-152.35	0.12	
128	-24	-152.42	0.12	
128	-24	-152.49	0.12	
128	-24	-152.57	0.12	
128	-24	-152.64	0.12	
128	-24	-152.71	0.12	
128	-24	-152.78	0.12	
128	-24	-152.85	0.12	
128	-24	-152.92	0.12	
128	-24	-152.99	0.12	
128	-25	-153.06	0.12	
128	-25	-153.13	0.12	
128	-25	-153.20	0.12	
128	-25	-153.28	0.12	
128	-25	-153.35	0.12	
128	-25	-153.42	0.12	
128	-25	-153.49	0.12	
128	-25	-153.56	0.12	
128	-25	-153.63	0.12	
128	-25	-153.70	0.12	
128	-25	-153.77	0.12	
128	-25	-153.84	0.12	
128	-25	-153.91	0.12	
128	-25	-153.99	0.12	
128	-26	-154.06	0.12	
128	-26	-154.13	0.12	
128	-26	-154.20	0.12	
128	-26	-154.27	0.12	
128	-26	-154.34	0.12	
128	-26	-154.41	0.12	
128	-26	-154.48	0.12	
128	-26	-154.55	0.12	
128	-26	-154.62	0.12	
128	-26	-154.69	0.12	
128	-26	-154.77	0.12	
128	-26	-154.84	0.12	
128	-26	-154.91	0.12	
128	-26	-154.98	0.12	
128	-27	-155.05	0.12	
128	-27	-155.12	0.12	
128	-27	-155.19	0.12	
128	-27	-155.26	0.12	
128	-27	-155.33	0.12	
128	-27	-155.40	0.12	
128	-27	-155.47	0.12	
128	-27	-155.55	0.12	
128	-27	-155.62	0.12	
128	-27	-155.69	0.12	
128	-27	-155.76	0.12	
128	-27	-155.83	0.12	
128	-27	-155.90	0.12	
128	-27	-155.97	0.12	
128	-28	-156.04	0.12	
128	-28	-156.12	0.12	
128	-28	-156.19	0.12	
128	-28	-156.26	0.12	
128	-28	-156.33	0.12	
128	-28	-156.40	0.12	
128	-28	-156.47	0.12	
128	-28	-156.54	0.12	
128	-28	-156.61	0.12	
128	-28	-156.68	0.12	
128	-28	-156.75	0.12	
128	-28	-156.82	0.12	
128	-28	-156.90	0.12	
128	-28	-156.97	0.12	
128	-29	-157.04	0.12	
128	-29	-157.11	0.12	
128	-29	-157.18	0.12	
128	-29	-157.25	0.12	
128	-29	-157.32	0.12	
128	-29	-157.39	0.12	
128	-29	-157.46	0.12	
128	-29	-157.54	0.12	
128	-29	-157.61	0.12	
128	-29	-157.68	0.12	
128	-29	-157.75	0.12	
128	-29	-157.82	0.12	
128	-29	-157.89	0.12	
128	-29	-157.96	0.12	
128	-30	-158.03	0.12	
128	-30	-158.10	0.12	
128	-30	-158.17	0.12	
128	-30	-158.25	0.12	
128	-30	-158.32	0.12	
128	-30	-158.39	0.12	
128	-30	-158.46	0.12	
128	-30	-158.53	0.12	
128	-30	-158.60	0.12	
128	-30	-158.67	0.12	
128	-30	-158.74	0.12	
128	-30	-158.81	0.12	
128	-30	-158.88	0.12	
128	-30	-158.96	0.12	
128	-31	-159.03	0.12	
128	-31	-159.10	0.12	
128	-31	-159.17	0.12	
128	-31	-159.24	0.12	
128	-31	-159.31	0.12	
128	-31	-159.38	0.12	
128	-31	-159.45	0.12	
128	-31	-159.52	0.12	
128	-31	-159.60	0.12	
128	-31	-159.67	0.12	
128	-31	-159.74	0.12	
128	-31	-159.81	0.12	
128	-31	-159.88	0.12	
128	-31	-159.95	0.12	
128	-32	-160.02	0.12	
128	-32	-160.09	0.12	
128	-32	-160.17	0.12	
128	-32	-160.24	0.12	
128	-32	-160.31	0.12	
128	-32	-160.38	0.12	
128	-32	-160.45	0.12	
128	-32	-160.52	0.12	
128	-32	-160.59	0.12	
128	-32	-160.66	0.12	
128	-32	-160.74	0.12	
128	-32	-160.81	0.12	
128	-32	-160.88	0.12	
128	-32	-160.95	0.12	
128	-33	-161.02	0.12	
128	-33	-161.09	0.12	
128	-33	-161.16	0.12	
128	-33	-161.23	0.12	
128	-33	-161.31	0.12	
128	-33	-161.38	0.12	
128	-33	-161.45	0.12	
128	-33	-161.52	0.12	
128	-33	-161.59	0.12	
128	-33	-161.66	0.12	
128	-33	-161.73	0.12	
128	-33	-161.80	0.12	
128	-33	-161.88	0.12	
128	-33	-161.95	0.12	
128	-34	-162.02	0.12	
128	-34	-162.09	0.12	
128	-34	-162.16	0.12	
128	-34	-162.23	0.12	
128	-34	-162.30	0.12	
128	-34	-162.37	0.12	
128	-34	-162.44	0.12	
128	-34	-162.52	0.12	
128	-34	-162.59	0.12	
128	-34	-162.66	0.12	
128	-34	-162.73	0.12	
128	-34	-162.80	0.12	
128	-34	-162.87	0.12	
128	-34	-162.94	0.12	
128	-35	-163.01	0.12	
128	-35	-163.08	0.12	
128	-35	-163.15	0.12	
128	-35	-163.23	0.12	
128	-35	-163.30	0.12	
128	-35	-163.37	0.12	
128	-35	-163.44	0.12	
128	-35	-163.51	0.12	
128	-35	-163.58	0.12	
128	-35	-163.65	0.12	
128	-35	-163.72	0.12	
128	-35	-163.79	0.12	
128	-35	-163.86	0.12	
128	-35	-163.93	0.12	
128	-36	-164.01	0.12	
128	-36	-164.08	0.12	
128	-36	-164.15	0.12	
128	-36	-164.22	0.12	
128	-36	-164.29	0.12	
128	-36	-164.36	0.12	
128	-36	-164.43	0.12	
128	-36	-164.50	0.12	
128	-36	-164.57	0.12	
128	-36	-164.64	0.12	
128	-36	-164.72	0.12	
128	-36	-164.79	0.12	
128	-36	-164.86	0.12	
128	-36	-164.93	0.12	
128	-36	-165.00	0.12	
128	-37	-165.07	0.12	
128	-37	-165.14	0.12	
128	-37	-165.21	0.12	
128	-37	-165.28	0.12	
128	-37	-165.35	0.12	
128	-37	-165.43	0.12	
128	-37	-165.50	0.12	
128	-37	-165.57	0.12	
128	-37	-165.64	0.12	
128	-37	-165.71	0.12	
128	-37	-165.78	0.12	
128	-37	-165.85	0.12	
128	-37	-165.92	0.12	
128	-37	-166.00	0.12	
128	-38	-166.07	0.12	
128	-38	-166.14	0.12	
128	-38	-166.21	0.12	
128	-38	-166.28	0.12	
128	-38	-166.35	0.12	
128	-38	-166.42	0.12	
128	-38	-166.49	0.12	
128	-38	-166.56	0.12	
128	-38	-166.64	0.12	
128	-38	-166.71	0.12	
128	-38	-166.78	0.12	
128	-38	-166.85	0.12	
128	-38	-166.92	0.12	
128	-38	-166.99	0.12	
128	-39	-167.06	0.12	
128	-39	-167.13	0.12	
128	-39	-167.20	0.12	
128	-39	-167.27	0.12	
128	-39	-167.35	0.12	
128	-39	-167.42	0.12	
128	-39	-167.49	0.12	
128	-39	-167.56	0.12	
128	-39	-167.63	0.12	
128	-39	-167.70	0.12	
128	-39	-167.77	0.12	
128	-39	-167.85	0.12	
128	-39	-167.92	0.12	
128	-39	-167.99	0.12	
128	-40	-168.06	0.12	
128	-40	-168.13	0.12	
128	-40	-168.20	0.12	
128	-40	-168.27	0.12	
128	-40	-168.34	0.12	
128	-40	-168.41	0.12	
128	-40	-168.48	0.12	
128	-40	-168.55	0.12	
128	-40	-168.63	0.12	
128	-40	-168.70	0.12	
128	-40	-168.77	0.12	
128	-40	-168.84	0.12	
128	-40	-168.91	0.12	
128	-40	-168.98	0.12	
128	-41	-169.05	0.12	
128	-41	-169.12	0.12	
128	-41	-169.19	0.12	
128	-41	-169.26	0.12	
128	-41	-169.34	0.12	
128	-41	-169.41	0.12	
128	-41	-169.48	0.12	
128	-41	-169.55	0.12	
128	-41	-169.62	0.12	
128	-41	-169.69	0.12	
128	-41	-169.76	0.12	
128	-41	-169.83	0.12	
128	-41	-169.90	0.12	
128	-41	-169.98	0.12	
128	-42	-170.05	0.12	
128	-42	-170.12	0.12	
128	-42	-170.19	0.12	
128	-42	-170.26	0.12	
128	-42	-170.33	0.12	
128	-42	-170.40	0.12	
128	-42	-170.47	0.12	
128	-42	-170.54	0.12	
128	-42	-170.62	0.12	
128	-42	-170.69	0.12	
128	-42	-170.76	0.12	
128	-42	-170.83	0.12	
128	-42	-170.90	0.12	
128	-42	-170.97	0.12	
128	-43	-171.04	0.12	
128	-43	-171.11	0.12	
128	-43	-171.18	0.12	
128	-43	-171.26	0.12	
128	-43	-171.33	0.12	
128	-43	-171.40	0.12	
128	-43	-171.47	0.12	
128	-43	-171.54	0.12	
128	-43	-171.61	0.12	
128	-43	-171.68	0.12	
128	-43	-171.75	0.12	
128	-43	-171.82	0.12	
128	-43	-171.90	0.12	
128	-43	-171.97	0.12	
128	-44	-172.04	0.12	
128	-44	-172.11	0.12	
128	-44	-172.18	0.12	
128	-44	-172.25	0.12	
128	-44	-172.32	0.12	
128	-44	-172.39	0.12	
128	-44	-172.46	0.12	
128	-44	-172.54	0.12	
128	-44	-172.61	0.12	
128	-44	-172.68	0.12	
128	-44	-172.75	0.12	
128	-44	-172.82	0.12	
128	-44	-172.89	0.12	
128	-44	-172.96	0.12	
128	-45	-173.03	0.12	
128	-45	-173.10	0.12	
128	-45	-173.17	0.12	
128	-45	-173.25	0.12	
128	-45	-173.32	0.12	
128	-45	-173.39	0.12	
128	-45	-173.46	0.12	
128	-45	-173.53	0.12	
128	-45	-173.60	0.12	
128	-45	-173.67	0.12	
128	-45	-173.74	0.12	
128	-45	-173.81	0.12	
128	-45	-173.88	0.12	
128	-45	-173.95	0.12	
128	-46	-174.03	0.12	
128	-46	-174.10	0.12	
128	-46	-174.17	0.12	
128	-46	-174.24	0.12	
128	-46	-174.31	0.12	
128	-46	-174.38	0.12	
128	-46	-174.45	0.12	
128	-46	-174.52	0.12	
128	-46	-174.59	0.12	
128	-46	-174.67	0.12	
128	-46	-174.74	0.12	
128	-46	-174.81	0.12	
128	-46	-174.88	0.12	
128	-46	-174.95	0.12	
128	-47	-175.02	0.12	
128	-47	-175.09	0.12	
128	-47	-175.16	0.12	
128	-47	-175.23	0.12	
128	-47	-175.31	0.12	
128	-47	-175.38	0.12	
128	-47	-175.45	0.12	
128	-47	-175.52	0.12	
128	-47	-175.59	0.12	
128	-47	-175.66	0.12	
128	-47	-175.73	0.12	
128	-47	-175.80	0.12	
128	-47	-175.87	0.12	
128	-47	-175.94	0.12	
128	-48	-176.02	0.12	
128	-48	-176.09	0.12	
128	-48	-176.16	0.12	
128	-48	-176.23	0.12	
128	-48	-176.30	0.12	
128	-48	-176.37	0.12	
128	-48	-176.44	0.12	
128	-48	-176.51	0.12	
128	-48	-176.58	0.12	
128	-48	-176.65	0.12	
128	-48	-176.72	0.12	
128	-48	-176.80	0.12	
128	-48	-176.87	0.12	
128	-48	-176.94	0.12	
128	-49	-177.01	0.12	
128	-49	-177.08	0.12	
128	-49	-177.15	0.12	
128	-49	-177.22	0.12	
128	-49	-177.29	0.12	
128	-49	-177.36	0.12	
128	-49	-177.43	0.12	
128	-49	-177.51	0.12	
128	-49	-177.58	0.12	
128	-49	-177.65	0.12	
128	-49	-177.72	0.12	
128	-49	-177.79	0.12	
128	-49	-177.86	0.12	
128	-49	-177.93	0.12	
128	-50	-178.00	0.12	
128	-50	-178.07	0.12	
128	-50	-178.14	0.12	
128	-50	-178.22	0.12	
128	-50	-178.29	0.12	
128	-50	-178.36	0.12	
128	-50	-178.43	0.12	
128	-50	-178.50	0.12	
128	-50	-178.57	0.12	
128	-50	-178.64	0.12	
128	-50	-178.71	0.12	
128	-50	-178.78	0.12	
128	-50	-178.86	0.12	
128	-50	-178.93	0.12	
128	-50	-179.00	0.12	
128	-51	-179.07	0.12	
128	-51	-179.14	0.12	
128	-51	-179.21	0.12	
128	-51	-179.28	0.12	
128	-51	-179.35	0.12	
128	-51	-179.42	0.12	
128	-51	-179.49	0.12	
128	-51	-179.57	0.12	
128	-51	-179.64	0.12	
128	-51	-179.71	0.12	
128	-51	-179.78	0.12	
128	-51	-179.85	0.12	
128	-51	-179.92	0.12	
128	-51	-179.99	0.12	
128	-52	-180.06	0.12	
128	-52	-180.13	0.12	
128	-52	-180.20	0.12	
128	-52	-180.28	0.12	
128	-52	-180.35	0.12	
128	-52	-180.42	0.12	
128	-52	-180.49	0.12	
128	-52	-180.56	0.12	
128	-52	-180.63	0.12	
128	-52	-180.70	0.12	
128	-52	-180.77	0.12	
128	-52	-180.84	0.12	
128	-52	-180.92	0.12	
128	-52	-180.99	0.12	
128	-53	-181.06	0.12	
128	-53	-181.13	0.12	
128	-53	-181.20	0.12	
128	-53	-181.27	0.12	
128	-53	-181.34	0.12	
128	-53	-181.41	0.12	
128	-53	-181.48	0.12	
128	-53	-181.56	0.12	
128	-53	-181.63	0.12	
128	-53	-181.70	0.12	
128	-53	-181.77	0.12	
128	-53	-181.84	0.12	
128	-53	-181.91	0.12	
128	-53	-181.98	0.12	
128	-54	-182.05	0.12	
128	-54	-182.12	0.12	
128	-54	-182.20	0.12	
128	-54	-182.27	0.12	
128	-54	-182.34	0.12	
128	-54	-182.41	0.12	
128	-54	-182.48	0.12	
128	-54	-182.55	0.12	
128	-54	-182.62	0.12	
128	-54	-182.70	0.12	
128	-54	-182.77	0.12	
128	-54	-182.84	0.12	
128	-54	-182.91	0.12	
128	-54	-182.98	0.12	
128	-55	-183.05	0.12	
128	-55	-183.12	0.12	
128	-55	-183.19	0.12	
128	-55	-183.26	0.12	
128	-55	-183.33	0.12	
128	-55	-183.41	0.12	
128	-55	-183.48	0.12	
128	-55	-183.55	0.12	
128	-55	-183.62	0.12	
128	-55	-183.69	0.12	
128	-55	-183.76	0.12	
128	-55	-183.83	0.12	
128	-55	-183.90	0.12	
128	-55	-183.97	0.12	
128	-56	-184.05	0.12	
128	-56	-184.12	0.12	
128	-56	-184.19	0.12	
128	-56	-184.26	0.12	
128	-56	-184.33	0.12	
128	-56	-184.40	0.12	
128	-56	-184.47	0.12	
128	-56	-184.54	0.12	
128	-56	-184.61	0.12	
128	-56	-184.68	0.12	
128	-56	-184.75	0.12	
128	-56	-184.83	0.12	
128	-56	-184.90	0.12	
128	-56	-184.97	0.12	
128	-57	-185.04	0.12	
128	-57	-185.11	0.12	
128	-57	-185.18	0.12	
128	-57	-185.25	0.12	
128	-57	-185.32	0.12	
128	-57	-185.39	0.12	
128	-57	-185.46	0.12	
128	-57	-185.54	0.12	
128	-57	-185.61	0.12	
128	-57	-185.68	0.12	
128	-57	-185.75	0.12	
128	-57	-185.82	0.12	
128	-57	-185.89	0.12	
128	-57	-185.96	0.12	
128	-58	-186.03	0.12	
128	-58	-186.10	0.12	
128	-58	-186.18	0.12	
128	-58	-186.25	0.12	
128	-58	-186.32	0.12	
128	-58	-186.39	0.12	
128	-58	-186.46	0.12	
128	-58	-186.53	0.12	
128	-58	-186.60	0.12	
128	-58	-186.67	0.12	
128	-58	-186.75	0.12	
128	-58	-186.82	0.12	
128	-58	-186.89	0.12	
128	-58	-186.96	0.12	
128	-59	-187.03	0.12	
128	-59	-187.10	0.12	
128	-59	-187.17	0.12	
128	-59	-187.24	0.12	
128	-59	-187.32	0.12	
128	-59	-187.39	0.12	
128	-59	-187.46	0.12	
128	-59	-187.53	0.12	
128	-59	-187.60	0.12	
128	-59	-187.67	0.12	
128	-59	-187.74	0.12	
128	-59	-187.81	0.12	
128	-59	-187.89	0.12	
128	-59	-187.96	0.12	
128	-60	-188.03	0.12	
128	-60	-188.10	0.12	
128	-60	-188.17	0.12	
128	-60	-188.24	0.12	
128	-60	-188.31	0.12	
128	-60	-188.38	0.12	
128	-60	-188.45	0.12	
128	-60	-188.52	0.12	
128	-60	-188.59	0.12	
128	-60	-188.67	0.12	
128	-60	-188.74	0.12	
128	-60	-188.81	0.12	
128	-60	-188.88	0.12	
128	-60	-188.95	0.12	
128	-61	-189.02	0.12	
128	-61	-189.09	0.12	
128	-61	-189.16	0.12	
128	-61	-189.24	0.12	
128	-61	-189.31	0.12	
128	-61	-189.38	0.12	
128	-61	-189.45	0.12	
128	-61	-189.52	0.12	
128	-61	-189.59	0.12	
128	-61	-189.66	0.12	
128	-61	-189.73	0.12	
128	-61	-189.81	0.12	
128	-61	-189.88	0.12	
128	-61	-189.95	0.12	
128	-62	-190.02	0.12	
128	-62	-190.09	0.12	
128	-62	-190.16	0.12	
128	-62	-190.23	0.12	
128	-62	-190.30	0.12	
128	-62	-190.37	0.12	
128	-62	-190.45	0.12	
128	-62	-190.52	0.12	
128	-62	-190.59	0.12	
128	-62	-190.66	0.12	
128	-62	-190.73	0.12	
128	-62	-190.80	0.12	
128	-62	-190.87	0.12	
128	-62	-190.94	0.12	
128	-63	-191.01	0.12	
128	-63	-191.09	0.12	
128	-63	-191.16	0.12	
128	-63	-191.23	0.12	
128	-63	-191.30	0.12	
128	-63	-191.37	0.12	
128	-63	-191.44	0.12	
128	-63	-191.51	0.12	
128	-63	-191.58	0.12	
128	-63	-191.66	0.12	
128	-63	-191.73	0.12	
128	-63	-191.80	0.12	
128	-63	-191.87	0.12	
128	-63	-191.94	0.12	
128	-64	-192.01	0.12	
128	-64	-192.08	0.12	
128	-64	-192.16	0.12	
128	-64	-192.23	0.12	
128	-64	-192.30	0.12	
128	-64	-192.37	0.12	
128	-64	-192.44	0.12	
128	-64	-192.51	0.12	
128	-64	-192.58	0.12	
128	-64	-192.65	0.12	
128	-64	-192.72	0.12	
128	-64	-192.80	0.12	
128	-64	-192.87	0.12	
128	-64	-192.94	0.12	
128	-65	-193.01	0.12	
128	-65	-193.08	0.12	
128	-65	-193.15	0.12	
128	-65	-193.22	0.12	
128	-65	-193.30	0.12	
	